9789863123456 C語言入門|王小明|程式設計|2023 5 1 10 9 450.00
9789571234567 資料結構|李大華|計算機科學|2022 3 15 5 3 600.00
9789862012345 演算法設計|陳志強|計算機科學|2021 9 20 7 7 750.00
9789864767890 嵌入式系統原理|張國華|工程技術|2020 11 11 4 2 820.00
9789867654321 資料庫系統導論|劉美玲|計算機科學|2021 12 1 9 4 720.00
9789866543210 計算機網路概論|張雅雯|計算機科學|2020 7 25 5 1 690.00
9789571111222 人工智慧基礎|黃建宏|人工智慧|2023 3 12 10 9 880.00
9789863333444 機器學習實務|陳柏宇|人工智慧|2022 10 5 6 2 950.00
9789861212121 雲端運算技術|黃志明|計算機科學|2023 2 2 10 10 780.00
9789577878787 物聯網系統設計|林志穎|工程技術|2021 3 3 8 4 710.00
